 frequency       v(inoise_spectrum) v(onoise_spectrum)
 1.20000000e+11  1.03431812e-01  1.03157598e-03 
 1.20080000e+11  1.03040180e-01  1.03158216e-03 
 1.20160000e+11  1.02638216e-01  1.03158854e-03 
 1.20240000e+11  1.02226704e-01  1.03159512e-03 
 1.20320000e+11  1.01806395e-01  1.03160191e-03 
 1.20400000e+11  1.01378009e-01  1.03160890e-03 
 1.20480000e+11  1.00942229e-01  1.03161609e-03 
 1.20560000e+11  1.00499711e-01  1.03162348e-03 
 1.20640000e+11  1.00051075e-01  1.03163107e-03 
 1.20720000e+11  9.95969126e-02  1.03163887e-03 
 1.20800000e+11  9.91377826e-02  1.03164687e-03 
 1.20880000e+11  9.86742156e-02  1.03165506e-03 
 1.20960000e+11  9.82067127e-02  1.03166346e-03 
 1.21040000e+11  9.77357473e-02  1.03167206e-03 
 1.21120000e+11  9.72617653e-02  1.03168086e-03 
 1.21200000e+11  9.67851869e-02  1.03168986e-03 
 1.21280000e+11  9.63064069e-02  1.03169906e-03 
 1.21360000e+11  9.58257959e-02  1.03170846e-03 
 1.21440000e+11  9.53437016e-02  1.03171806e-03 
 1.21520000e+11  9.48604494e-02  1.03172786e-03 
 1.21600000e+11  9.43763434e-02  1.03173785e-03 
 1.21680000e+11  9.38916677e-02  1.03174805e-03 
 1.21760000e+11  9.34066870e-02  1.03175844e-03 
 1.21840000e+11  9.29216478e-02  1.03176903e-03 
 1.21920000e+11  9.24367792e-02  1.03177982e-03 
 1.22000000e+11  9.19522936e-02  1.03179081e-03 
 1.22080000e+11  9.14683880e-02  1.03180199e-03 
 1.22160000e+11  9.09852445e-02  1.03181337e-03 
 1.22240000e+11  9.05030311e-02  1.03182494e-03 
 1.22320000e+11  9.00219025e-02  1.03183672e-03 
 1.22400000e+11  8.95420011e-02  1.03184868e-03 
 1.22480000e+11  8.90634575e-02  1.03186085e-03 
 1.22560000e+11  8.85863910e-02  1.03187321e-03 
 1.22640000e+11  8.81109105e-02  1.03188576e-03 
 1.22720000e+11  8.76371153e-02  1.03189851e-03 
 1.22800000e+11  8.71650951e-02  1.03191145e-03 
 1.22880000e+11  8.66949311e-02  1.03192459e-03 
 1.22960000e+11  8.62266965e-02  1.03193791e-03 
 1.23040000e+11  8.57604566e-02  1.03195144e-03 
 1.23120000e+11  8.52962698e-02  1.03196515e-03 
 1.23200000e+11  8.48341876e-02  1.03197906e-03 
 1.23280000e+11  8.43742553e-02  1.03199316e-03 
 1.23360000e+11  8.39165126e-02  1.03200745e-03 
 1.23440000e+11  8.34609934e-02  1.03202193e-03 
 1.23520000e+11  8.30077266e-02  1.03203661e-03 
 1.23600000e+11  8.25567367e-02  1.03205147e-03 
 1.23680000e+11  8.21080433e-02  1.03206652e-03 
 1.23760000e+11  8.16616621e-02  1.03208177e-03 
 1.23840000e+11  8.12176052e-02  1.03209720e-03 
 1.23920000e+11  8.07758808e-02  1.03211283e-03 
 1.24000000e+11  8.03364942e-02  1.03212864e-03 
 1.24080000e+11  7.98994472e-02  1.03214464e-03 
 1.24160000e+11  7.94647393e-02  1.03216083e-03 
 1.24240000e+11  7.90323670e-02  1.03217721e-03 
 1.24320000e+11  7.86023247e-02  1.03219377e-03 
 1.24400000e+11  7.81746044e-02  1.03221053e-03 
 1.24480000e+11  7.77491962e-02  1.03222747e-03 
 1.24560000e+11  7.73260882e-02  1.03224459e-03 
 1.24640000e+11  7.69052670e-02  1.03226191e-03 
 1.24720000e+11  7.64867176e-02  1.03227941e-03 
 1.24800000e+11  7.60704234e-02  1.03229709e-03 
 1.24880000e+11  7.56563667e-02  1.03231496e-03 
 1.24960000e+11  7.52445285e-02  1.03233302e-03 
 1.25040000e+11  7.48348890e-02  1.03235126e-03 
 1.25120000e+11  7.44274271e-02  1.03236968e-03 
 1.25200000e+11  7.40221211e-02  1.03238829e-03 
 1.25280000e+11  7.36189484e-02  1.03240708e-03 
 1.25360000e+11  7.32178859e-02  1.03242606e-03 
 1.25440000e+11  7.28189097e-02  1.03244522e-03 
 1.25520000e+11  7.24219955e-02  1.03246456e-03 
 1.25600000e+11  7.20271186e-02  1.03248409e-03 
 1.25680000e+11  7.16342537e-02  1.03250380e-03 
 1.25760000e+11  7.12433755e-02  1.03252369e-03 
 1.25840000e+11  7.08544583e-02  1.03254376e-03 
 1.25920000e+11  7.04674759e-02  1.03256402e-03 
 1.26000000e+11  7.00824024e-02  1.03258445e-03 
 1.26080000e+11  6.96992115e-02  1.03260507e-03 
 1.26160000e+11  6.93178770e-02  1.03262587e-03 
 1.26240000e+11  6.89383724e-02  1.03264685e-03 
 1.26320000e+11  6.85606714e-02  1.03266801e-03 
 1.26400000e+11  6.81847478e-02  1.03268934e-03 
 1.26480000e+11  6.78105752e-02  1.03271086e-03 
 1.26560000e+11  6.74381276e-02  1.03273256e-03 
 1.26640000e+11  6.70673789e-02  1.03275444e-03 
 1.26720000e+11  6.66983032e-02  1.03277650e-03 
 1.26800000e+11  6.63308748e-02  1.03279874e-03 
 1.26880000e+11  6.59650682e-02  1.03282116e-03 
 1.26960000e+11  6.56008581e-02  1.03284375e-03 
 1.27040000e+11  6.52382194e-02  1.03286653e-03 
 1.27120000e+11  6.48771272e-02  1.03288948e-03 
 1.27200000e+11  6.45175569e-02  1.03291261e-03 
 1.27280000e+11  6.41594843e-02  1.03293592e-03 
 1.27360000e+11  6.38028852e-02  1.03295941e-03 
 1.27440000e+11  6.34477360e-02  1.03298308e-03 
 1.27520000e+11  6.30940131e-02  1.03300692e-03 
 1.27600000e+11  6.27416936e-02  1.03303095e-03 
 1.27680000e+11  6.23907545e-02  1.03305515e-03 
 1.27760000e+11  6.20411734e-02  1.03307952e-03 
 1.27840000e+11  6.16929281e-02  1.03310408e-03 
 1.27920000e+11  6.13459969e-02  1.03312881e-03 
 1.28000000e+11  6.10003584e-02  1.03315372e-03 
 1.28080000e+11  6.06559913e-02  1.03317881e-03 
 1.28160000e+11  6.03128750e-02  1.03320407e-03 
 1.28240000e+11  5.99709892e-02  1.03322952e-03 
 1.28320000e+11  5.96303137e-02  1.03325513e-03 
 1.28400000e+11  5.92908289e-02  1.03328093e-03 
 1.28480000e+11  5.89525156e-02  1.03330690e-03 
 1.28560000e+11  5.86153548e-02  1.03333306e-03 
 1.28640000e+11  5.82793281e-02  1.03335938e-03 
 1.28720000e+11  5.79444171e-02  1.03338589e-03 
 1.28800000e+11  5.76106042e-02  1.03341257e-03 
 1.28880000e+11  5.72778718e-02  1.03343944e-03 
 1.28960000e+11  5.69462031e-02  1.03346647e-03 
 1.29040000e+11  5.66155811e-02  1.03349369e-03 
 1.29120000e+11  5.62859898e-02  1.03352109e-03 
 1.29200000e+11  5.59574130e-02  1.03354866e-03 
 1.29280000e+11  5.56298353e-02  1.03357641e-03 
 1.29360000e+11  5.53032414e-02  1.03360434e-03 
 1.29440000e+11  5.49776165e-02  1.03363245e-03 
 1.29520000e+11  5.46529461e-02  1.03366074e-03 
 1.29600000e+11  5.43292162e-02  1.03368920e-03 
 1.29680000e+11  5.40064130e-02  1.03371785e-03 
 1.29760000e+11  5.36845232e-02  1.03374667e-03 
 1.29840000e+11  5.33635336e-02  1.03377568e-03 
 1.29920000e+11  5.30434316e-02  1.03380486e-03 
 1.30000000e+11  5.27242050e-02  1.03383423e-03 
 1.30080000e+11  5.24058418e-02  1.03386378e-03 
 1.30160000e+11  5.20883304e-02  1.03389350e-03 
 1.30240000e+11  5.17716594e-02  1.03392341e-03 
 1.30320000e+11  5.14558181e-02  1.03395351e-03 
 1.30400000e+11  5.11407959e-02  1.03398378e-03 
 1.30480000e+11  5.08265824e-02  1.03401424e-03 
 1.30560000e+11  5.05131679e-02  1.03404488e-03 
 1.30640000e+11  5.02005428e-02  1.03407571e-03 
 1.30720000e+11  4.98886978e-02  1.03410672e-03 
 1.30800000e+11  4.95776241e-02  1.03413792e-03 
 1.30880000e+11  4.92673131e-02  1.03416930e-03 
 1.30960000e+11  4.89577565e-02  1.03420087e-03 
 1.31040000e+11  4.86489465e-02  1.03423262e-03 
 1.31120000e+11  4.83408754e-02  1.03426457e-03 
 1.31200000e+11  4.80335360e-02  1.03429670e-03 
 1.31280000e+11  4.77269213e-02  1.03432902e-03 
 1.31360000e+11  4.74210246e-02  1.03436154e-03 
 1.31440000e+11  4.71158396e-02  1.03439424e-03 
 1.31520000e+11  4.68113602e-02  1.03442714e-03 
 1.31600000e+11  4.65075806e-02  1.03446023e-03 
 1.31680000e+11  4.62044955e-02  1.03449352e-03 
 1.31760000e+11  4.59020996e-02  1.03452700e-03 
 1.31840000e+11  4.56003882e-02  1.03456067e-03 
 1.31920000e+11  4.52993565e-02  1.03459455e-03 
 1.32000000e+11  4.49990004e-02  1.03462862e-03 
 1.32080000e+11  4.46993158e-02  1.03466289e-03 
 1.32160000e+11  4.44002990e-02  1.03469736e-03 
 1.32240000e+11  4.41019466e-02  1.03473204e-03 
 1.32320000e+11  4.38042553e-02  1.03476692e-03 
 1.32400000e+11  4.35072223e-02  1.03480201e-03 
 1.32480000e+11  4.32108450e-02  1.03483730e-03 
 1.32560000e+11  4.29151209e-02  1.03487280e-03 
 1.32640000e+11  4.26200480e-02  1.03490851e-03 
 1.32720000e+11  4.23256244e-02  1.03494443e-03 
 1.32800000e+11  4.20318486e-02  1.03498057e-03 
 1.32880000e+11  4.17387192e-02  1.03501692e-03 
 1.32960000e+11  4.14462351e-02  1.03505348e-03 
 1.33040000e+11  4.11543954e-02  1.03509027e-03 
 1.33120000e+11  4.08631997e-02  1.03512728e-03 
 1.33200000e+11  4.05726475e-02  1.03516451e-03 
 1.33280000e+11  4.02827388e-02  1.03520196e-03 
 1.33360000e+11  3.99934736e-02  1.03523964e-03 
 1.33440000e+11  3.97048523e-02  1.03527756e-03 
 1.33520000e+11  3.94168755e-02  1.03531570e-03 
 1.33600000e+11  3.91295441e-02  1.03535408e-03 
 1.33680000e+11  3.88428590e-02  1.03539270e-03 
 1.33760000e+11  3.85568216e-02  1.03543156e-03 
 1.33840000e+11  3.82714333e-02  1.03547066e-03 
 1.33920000e+11  3.79866958e-02  1.03551000e-03 
 1.34000000e+11  3.77026110e-02  1.03554960e-03 
 1.34080000e+11  3.74191810e-02  1.03558944e-03 
 1.34160000e+11  3.71364083e-02  1.03562955e-03 
 1.34240000e+11  3.68542952e-02  1.03566991e-03 
 1.34320000e+11  3.65728445e-02  1.03571053e-03 
 1.34400000e+11  3.62920592e-02  1.03575142e-03 
 1.34480000e+11  3.60119424e-02  1.03579257e-03 
 1.34560000e+11  3.57324975e-02  1.03583401e-03 
 1.34640000e+11  3.54537278e-02  1.03587571e-03 
 1.34720000e+11  3.51756371e-02  1.03591770e-03 
 1.34800000e+11  3.48982293e-02  1.03595998e-03 
 1.34880000e+11  3.46215084e-02  1.03600254e-03 
 1.34960000e+11  3.43454788e-02  1.03604541e-03 
 1.35040000e+11  3.40701447e-02  1.03608857e-03 
 1.35120000e+11  3.37955108e-02  1.03613203e-03 
 1.35200000e+11  3.35215818e-02  1.03617581e-03 
 1.35280000e+11  3.32483627e-02  1.03621990e-03 
 1.35360000e+11  3.29758585e-02  1.03626431e-03 
 1.35440000e+11  3.27040744e-02  1.03630904e-03 
 1.35520000e+11  3.24330160e-02  1.03635411e-03 
 1.35600000e+11  3.21626887e-02  1.03639952e-03 
 1.35680000e+11  3.18930982e-02  1.03644528e-03 
 1.35760000e+11  3.16242504e-02  1.03649138e-03 
 1.35840000e+11  3.13561514e-02  1.03653785e-03 
 1.35920000e+11  3.10888072e-02  1.03658468e-03 
 1.36000000e+11  3.08222241e-02  1.03663188e-03 
 1.36080000e+11  3.05564086e-02  1.03667946e-03 
 1.36160000e+11  3.02913673e-02  1.03672744e-03 
 1.36240000e+11  3.00271068e-02  1.03677581e-03 
 1.36320000e+11  2.97636339e-02  1.03682458e-03 
 1.36400000e+11  2.95009557e-02  1.03687377e-03 
 1.36480000e+11  2.92390792e-02  1.03692339e-03 
 1.36560000e+11  2.89780115e-02  1.03697344e-03 
 1.36640000e+11  2.87177601e-02  1.03702393e-03 
 1.36720000e+11  2.84583323e-02  1.03707487e-03 
 1.36800000e+11  2.81997357e-02  1.03712628e-03 
 1.36880000e+11  2.79419780e-02  1.03717816e-03 
 1.36960000e+11  2.76850669e-02  1.03723053e-03 
 1.37040000e+11  2.74290103e-02  1.03728340e-03 
 1.37120000e+11  2.71738161e-02  1.03733678e-03 
 1.37200000e+11  2.69194925e-02  1.03739069e-03 
 1.37280000e+11  2.66660476e-02  1.03744513e-03 
 1.37360000e+11  2.64134897e-02  1.03750012e-03 
 1.37440000e+11  2.61618271e-02  1.03755567e-03 
 1.37520000e+11  2.59110684e-02  1.03761181e-03 
 1.37600000e+11  2.56612219e-02  1.03766854e-03 
 1.37680000e+11  2.54122965e-02  1.03772589e-03 
 1.37760000e+11  2.51643007e-02  1.03778386e-03 
 1.37840000e+11  2.49172433e-02  1.03784248e-03 
 1.37920000e+11  2.46711333e-02  1.03790176e-03 
 1.38000000e+11  2.44259796e-02  1.03796172e-03 
 1.38080000e+11  2.41817911e-02  1.03802238e-03 
 1.38160000e+11  2.39385770e-02  1.03808377e-03 
 1.38240000e+11  2.36963464e-02  1.03814590e-03 
 1.38320000e+11  2.34551086e-02  1.03820879e-03 
 1.38400000e+11  2.32148728e-02  1.03827247e-03 
 1.38480000e+11  2.29756483e-02  1.03833696e-03 
 1.38560000e+11  2.27374447e-02  1.03840228e-03 
 1.38640000e+11  2.25002713e-02  1.03846846e-03 
 1.38720000e+11  2.22641377e-02  1.03853553e-03 
 1.38800000e+11  2.20290534e-02  1.03860351e-03 
 1.38880000e+11  2.17950281e-02  1.03867243e-03 
 1.38960000e+11  2.15620715e-02  1.03874233e-03 
 1.39040000e+11  2.13301933e-02  1.03881322e-03 
 1.39120000e+11  2.10994032e-02  1.03888515e-03 
 1.39200000e+11  2.08697111e-02  1.03895814e-03 
 1.39280000e+11  2.06411269e-02  1.03903224e-03 
 1.39360000e+11  2.04136604e-02  1.03910747e-03 
 1.39440000e+11  2.01873216e-02  1.03918388e-03 
 1.39520000e+11  1.99621205e-02  1.03926150e-03 
 1.39600000e+11  1.97380671e-02  1.03934038e-03 
 1.39680000e+11  1.95151715e-02  1.03942054e-03 
 1.39760000e+11  1.92934438e-02  1.03950205e-03 
 1.39840000e+11  1.90728940e-02  1.03958494e-03 
 1.39920000e+11  1.88535324e-02  1.03966927e-03 
 1.40000000e+11  1.86353691e-02  1.03975507e-03 
 1.40080000e+11  1.84184144e-02  1.03984241e-03 
 1.40160000e+11  1.82026784e-02  1.03993133e-03 
 1.40240000e+11  1.79881716e-02  1.04002189e-03 
 1.40320000e+11  1.77749041e-02  1.04011415e-03 
 1.40400000e+11  1.75628864e-02  1.04020817e-03 
 1.40480000e+11  1.73521287e-02  1.04030400e-03 
 1.40560000e+11  1.71426415e-02  1.04040172e-03 
 1.40640000e+11  1.69344351e-02  1.04050140e-03 
 1.40720000e+11  1.67275200e-02  1.04060310e-03 
 1.40800000e+11  1.65219067e-02  1.04070689e-03 
 1.40880000e+11  1.63176055e-02  1.04081285e-03 
 1.40960000e+11  1.61146271e-02  1.04092107e-03 
 1.41040000e+11  1.59129819e-02  1.04103162e-03 
 1.41120000e+11  1.57126805e-02  1.04114459e-03 
 1.41200000e+11  1.55137334e-02  1.04126007e-03 
 1.41280000e+11  1.53161512e-02  1.04137815e-03 
 1.41360000e+11  1.51199446e-02  1.04149893e-03 
 1.41440000e+11  1.49251242e-02  1.04162251e-03 
 1.41520000e+11  1.47317005e-02  1.04174899e-03 
 1.41600000e+11  1.45396844e-02  1.04187848e-03 
 1.41680000e+11  1.43490865e-02  1.04201110e-03 
 1.41760000e+11  1.41599176e-02  1.04214696e-03 
 1.41840000e+11  1.39721883e-02  1.04228619e-03 
 1.41920000e+11  1.37859095e-02  1.04242892e-03 
 1.42000000e+11  1.36010920e-02  1.04257526e-03 
 1.42080000e+11  1.34177465e-02  1.04272537e-03 
 1.42160000e+11  1.32358840e-02  1.04287939e-03 
 1.42240000e+11  1.30555153e-02  1.04303746e-03 
 1.42320000e+11  1.28766513e-02  1.04319974e-03 
 1.42400000e+11  1.26993029e-02  1.04336639e-03 
 1.42480000e+11  1.25234812e-02  1.04353757e-03 
 1.42560000e+11  1.23491971e-02  1.04371346e-03 
 1.42640000e+11  1.21764615e-02  1.04389424e-03 
 1.42720000e+11  1.20052857e-02  1.04408009e-03 
 1.42800000e+11  1.18356806e-02  1.04427120e-03 
 1.42880000e+11  1.16676574e-02  1.04446778e-03 
 1.42960000e+11  1.15012272e-02  1.04467002e-03 
 1.43040000e+11  1.13364011e-02  1.04487815e-03 
 1.43120000e+11  1.11731904e-02  1.04509238e-03 
 1.43200000e+11  1.10116063e-02  1.04531295e-03 
 1.43280000e+11  1.08516601e-02  1.04554008e-03 
 1.43360000e+11  1.06933630e-02  1.04577402e-03 
 1.43440000e+11  1.05367263e-02  1.04601502e-03 
 1.43520000e+11  1.03817615e-02  1.04626334e-03 
 1.43600000e+11  1.02284798e-02  1.04651925e-03 
 1.43680000e+11  1.00768927e-02  1.04678302e-03 
 1.43760000e+11  9.92701159e-03  1.04705492e-03 
 1.43840000e+11  9.77884783e-03  1.04733526e-03 
 1.43920000e+11  9.63241289e-03  1.04762432e-03 
 1.44000000e+11  9.48771821e-03  1.04792241e-03 
 1.44080000e+11  9.34477523e-03  1.04822983e-03 
 1.44160000e+11  9.20359541e-03  1.04854690e-03 
 1.44240000e+11  9.06419016e-03  1.04887395e-03 
 1.44320000e+11  8.92657091e-03  1.04921129e-03 
 1.44400000e+11  8.79074904e-03  1.04955925e-03 
 1.44480000e+11  8.65673591e-03  1.04991818e-03 
 1.44560000e+11  8.52454282e-03  1.05028841e-03 
 1.44640000e+11  8.39418102e-03  1.05067028e-03 
 1.44720000e+11  8.26566169e-03  1.05106412e-03 
 1.44800000e+11  8.13899592e-03  1.05147028e-03 
 1.44880000e+11  8.01419471e-03  1.05188909e-03 
 1.44960000e+11  7.89126891e-03  1.05232089e-03 
 1.45040000e+11  7.77022926e-03  1.05276601e-03 
 1.45120000e+11  7.65108633e-03  1.05322477e-03 
 1.45200000e+11  7.53385051e-03  1.05369748e-03 
 1.45280000e+11  7.41853197e-03  1.05418445e-03 
 1.45360000e+11  7.30514064e-03  1.05468596e-03 
 1.45440000e+11  7.19368621e-03  1.05520230e-03 
 1.45520000e+11  7.08417806e-03  1.05573371e-03 
 1.45600000e+11  6.97662522e-03  1.05628043e-03 
 1.45680000e+11  6.87103639e-03  1.05684266e-03 
 1.45760000e+11  6.76741982e-03  1.05742060e-03 
 1.45840000e+11  6.66578336e-03  1.05801438e-03 
 1.45920000e+11  6.56613433e-03  1.05862412e-03 
 1.46000000e+11  6.46847955e-03  1.05924991e-03 
 1.46080000e+11  6.37282523e-03  1.05989176e-03 
 1.46160000e+11  6.27917694e-03  1.06054969e-03 
 1.46240000e+11  6.18753960e-03  1.06122361e-03 
 1.46320000e+11  6.09791737e-03  1.06191342e-03 
 1.46400000e+11  6.01031358e-03  1.06261895e-03 
 1.46480000e+11  5.92473077e-03  1.06333997e-03 
 1.46560000e+11  5.84117051e-03  1.06407617e-03 
 1.46640000e+11  5.75963342e-03  1.06482720e-03 
 1.46720000e+11  5.68011908e-03  1.06559262e-03 
 1.46800000e+11  5.60262598e-03  1.06637193e-03 
 1.46880000e+11  5.52715143e-03  1.06716455e-03 
 1.46960000e+11  5.45369154e-03  1.06796981e-03 
 1.47040000e+11  5.38224115e-03  1.06878699e-03 
 1.47120000e+11  5.31279372e-03  1.06961528e-03 
 1.47200000e+11  5.24534136e-03  1.07045378e-03 
 1.47280000e+11  5.17987472e-03  1.07130154e-03 
 1.47360000e+11  5.11638295e-03  1.07215751e-03 
 1.47440000e+11  5.05485364e-03  1.07302058e-03 
 1.47520000e+11  4.99527284e-03  1.07388959e-03 
 1.47600000e+11  4.93762494e-03  1.07476330e-03 
 1.47680000e+11  4.88189270e-03  1.07564041e-03 
 1.47760000e+11  4.82805720e-03  1.07651957e-03 
 1.47840000e+11  4.77609785e-03  1.07739940e-03 
 1.47920000e+11  4.72599235e-03  1.07827848e-03 
 1.48000000e+11  4.67771669e-03  1.07915536e-03 
 1.48080000e+11  4.63124519e-03  1.08002859e-03 
 1.48160000e+11  4.58655049e-03  1.08089668e-03 
 1.48240000e+11  4.54360358e-03  1.08175817e-03 
 1.48320000e+11  4.50237384e-03  1.08261162e-03 
 1.48400000e+11  4.46282907e-03  1.08345561e-03 
 1.48480000e+11  4.42493557e-03  1.08428873e-03 
 1.48560000e+11  4.38865814e-03  1.08510965e-03 
 1.48640000e+11  4.35396024e-03  1.08591709e-03 
 1.48720000e+11  4.32080397e-03  1.08670983e-03 
 1.48800000e+11  4.28915022e-03  1.08748672e-03 
 1.48880000e+11  4.25895874e-03  1.08824670e-03 
 1.48960000e+11  4.23018821e-03  1.08898880e-03 
 1.49040000e+11  4.20279638e-03  1.08971215e-03 
 1.49120000e+11  4.17674015e-03  1.09041598e-03 
 1.49200000e+11  4.15197569e-03  1.09109960e-03 
 1.49280000e+11  4.12845855e-03  1.09176247e-03 
 1.49360000e+11  4.10614374e-03  1.09240413e-03 
 1.49440000e+11  4.08498591e-03  1.09302424e-03 
 1.49520000e+11  4.06493940e-03  1.09362255e-03 
 1.49600000e+11  4.04595837e-03  1.09419895e-03 
 1.49680000e+11  4.02799695e-03  1.09475341e-03 
 1.49760000e+11  4.01100927e-03  1.09528601e-03 
 1.49840000e+11  3.99494965e-03  1.09579691e-03 
 1.49920000e+11  3.97977264e-03  1.09628638e-03 
 1.50000000e+11  3.96543313e-03  1.09675476e-03 
 1.50080000e+11  3.95188649e-03  1.09720248e-03 
 1.50160000e+11  3.93908857e-03  1.09763004e-03 
 1.50240000e+11  3.92699587e-03  1.09803799e-03 
 1.50320000e+11  3.91556554e-03  1.09842696e-03 
 1.50400000e+11  3.90475554e-03  1.09879762e-03 
 1.50480000e+11  3.89452460e-03  1.09915068e-03 
 1.50560000e+11  3.88483236e-03  1.09948690e-03 
 1.50640000e+11  3.87563940e-03  1.09980705e-03 
 1.50720000e+11  3.86690727e-03  1.10011195e-03 
 1.50800000e+11  3.85859857e-03  1.10040243e-03 
 1.50880000e+11  3.85067692e-03  1.10067932e-03 
 1.50960000e+11  3.84310707e-03  1.10094348e-03 
 1.51040000e+11  3.83585489e-03  1.10119575e-03 
 1.51120000e+11  3.82888736e-03  1.10143698e-03 
 1.51200000e+11  3.82217265e-03  1.10166802e-03 
 1.51280000e+11  3.81568008e-03  1.10188970e-03 
 1.51360000e+11  3.80938017e-03  1.10210285e-03 
 1.51440000e+11  3.80324459e-03  1.10230827e-03 
 1.51520000e+11  3.79724624e-03  1.10250675e-03 
 1.51600000e+11  3.79135916e-03  1.10269906e-03 
 1.51680000e+11  3.78555859e-03  1.10288596e-03 
 1.51760000e+11  3.77982093e-03  1.10306815e-03 
 1.51840000e+11  3.77412377e-03  1.10324636e-03 
 1.51920000e+11  3.76844580e-03  1.10342125e-03 
 1.52000000e+11  3.76276689e-03  1.10359347e-03 
 1.52080000e+11  3.75706801e-03  1.10376364e-03 
 1.52160000e+11  3.75133124e-03  1.10393237e-03 
 1.52240000e+11  3.74553974e-03  1.10410022e-03 
 1.52320000e+11  3.73967774e-03  1.10426774e-03 
 1.52400000e+11  3.73373051e-03  1.10443544e-03 
 1.52480000e+11  3.72768437e-03  1.10460382e-03 
 1.52560000e+11  3.72152662e-03  1.10477333e-03 
 1.52640000e+11  3.71524555e-03  1.10494441e-03 
 1.52720000e+11  3.70883042e-03  1.10511749e-03 
 1.52800000e+11  3.70227143e-03  1.10529294e-03 
 1.52880000e+11  3.69555968e-03  1.10547113e-03 
 1.52960000e+11  3.68868719e-03  1.10565240e-03 
 1.53040000e+11  3.68164684e-03  1.10583707e-03 
 1.53120000e+11  3.67443236e-03  1.10602543e-03 
 1.53200000e+11  3.66703833e-03  1.10621775e-03 
 1.53280000e+11  3.65946010e-03  1.10641428e-03 
 1.53360000e+11  3.65169384e-03  1.10661525e-03 
 1.53440000e+11  3.64373648e-03  1.10682086e-03 
 1.53520000e+11  3.63558567e-03  1.10703131e-03 
 1.53600000e+11  3.62723982e-03  1.10724677e-03 
 1.53680000e+11  3.61869801e-03  1.10746736e-03 
 1.53760000e+11  3.60996004e-03  1.10769324e-03 
 1.53840000e+11  3.60102634e-03  1.10792449e-03 
 1.53920000e+11  3.59189800e-03  1.10816122e-03 
 1.54000000e+11  3.58257673e-03  1.10840349e-03 
 1.54080000e+11  3.57306488e-03  1.10865135e-03 
 1.54160000e+11  3.56336534e-03  1.10890484e-03 
 1.54240000e+11  3.55348160e-03  1.10916397e-03 
 1.54320000e+11  3.54341771e-03  1.10942873e-03 
 1.54400000e+11  3.53317824e-03  1.10969910e-03 
 1.54480000e+11  3.52276830e-03  1.10997504e-03 
 1.54560000e+11  3.51219349e-03  1.11025648e-03 
 1.54640000e+11  3.50145989e-03  1.11054335e-03 
 1.54720000e+11  3.49057408e-03  1.11083554e-03 
 1.54800000e+11  3.47954306e-03  1.11113293e-03 
 1.54880000e+11  3.46837430e-03  1.11143538e-03 
 1.54960000e+11  3.45707568e-03  1.11174273e-03 
 1.55040000e+11  3.44565548e-03  1.11205480e-03 
 1.55120000e+11  3.43412238e-03  1.11237139e-03 
 1.55200000e+11  3.42248545e-03  1.11269226e-03 
 1.55280000e+11  3.41075409e-03  1.11301718e-03 
 1.55360000e+11  3.39893806e-03  1.11334587e-03 
 1.55440000e+11  3.38704746e-03  1.11367805e-03 
 1.55520000e+11  3.37509270e-03  1.11401341e-03 
 1.55600000e+11  3.36308445e-03  1.11435159e-03 
 1.55680000e+11  3.35103372e-03  1.11469226e-03 
 1.55760000e+11  3.33895174e-03  1.11503501e-03 
 1.55840000e+11  3.32684999e-03  1.11537946e-03 
 1.55920000e+11  3.31474021e-03  1.11572515e-03 
 1.56000000e+11  3.30263432e-03  1.11607165e-03 
 1.56080000e+11  3.29054444e-03  1.11641848e-03 
 1.56160000e+11  3.27848289e-03  1.11676513e-03 
 1.56240000e+11  3.26646213e-03  1.11711107e-03 
 1.56320000e+11  3.25449475e-03  1.11745577e-03 
 1.56400000e+11  3.24259347e-03  1.11779865e-03 
 1.56480000e+11  3.23077112e-03  1.11813913e-03 
 1.56560000e+11  3.21904060e-03  1.11847658e-03 
 1.56640000e+11  3.20741486e-03  1.11881039e-03 
 1.56720000e+11  3.19590690e-03  1.11913990e-03 
 1.56800000e+11  3.18452974e-03  1.11946445e-03 
 1.56880000e+11  3.17329638e-03  1.11978335e-03 
 1.56960000e+11  3.16221980e-03  1.12009590e-03 
 1.57040000e+11  3.15131293e-03  1.12040141e-03 
 1.57120000e+11  3.14058862e-03  1.12069915e-03 
 1.57200000e+11  3.13005962e-03  1.12098839e-03 
 1.57280000e+11  3.11973855e-03  1.12126842e-03 
 1.57360000e+11  3.10963791e-03  1.12153848e-03 
 1.57440000e+11  3.09976999e-03  1.12179785e-03 
 1.57520000e+11  3.09014691e-03  1.12204581e-03 
 1.57600000e+11  3.08078055e-03  1.12228162e-03 
 1.57680000e+11  3.07168256e-03  1.12250458e-03 
 1.57760000e+11  3.06286430e-03  1.12271399e-03 
 1.57840000e+11  3.05433682e-03  1.12290916e-03 
 1.57920000e+11  3.04611089e-03  1.12308943e-03 
 1.58000000e+11  3.03819687e-03  1.12325418e-03 
 1.58080000e+11  3.03060480e-03  1.12340278e-03 
 1.58160000e+11  3.02334430e-03  1.12353466e-03 
 1.58240000e+11  3.01642455e-03  1.12364928e-03 
 1.58320000e+11  3.00985433e-03  1.12374614e-03 
 1.58400000e+11  3.00364191e-03  1.12382477e-03 
 1.58480000e+11  2.99779509e-03  1.12388477e-03 
 1.58560000e+11  2.99232117e-03  1.12392576e-03 
 1.58640000e+11  2.98722691e-03  1.12394744e-03 
 1.58720000e+11  2.98251854e-03  1.12394954e-03 
 1.58800000e+11  2.97820170e-03  1.12393187e-03 
 1.58880000e+11  2.97428148e-03  1.12389427e-03 
 1.58960000e+11  2.97076237e-03  1.12383667e-03 
 1.59040000e+11  2.96764826e-03  1.12375904e-03 
 1.59120000e+11  2.96494241e-03  1.12366143e-03 
 1.59200000e+11  2.96264748e-03  1.12354393e-03 
 1.59280000e+11  2.96076549e-03  1.12340672e-03 
 1.59360000e+11  2.95929782e-03  1.12325002e-03 
 1.59440000e+11  2.95824522e-03  1.12307413e-03 
 1.59520000e+11  2.95760781e-03  1.12287939e-03 
 1.59600000e+11  2.95738504e-03  1.12266623e-03 
 1.59680000e+11  2.95757577e-03  1.12243509e-03 
 1.59760000e+11  2.95817818e-03  1.12218652e-03 
 1.59840000e+11  2.95918986e-03  1.12192107e-03 
 1.59920000e+11  2.96060776e-03  1.12163937e-03 
 1.60000000e+11  2.96242825e-03  1.12134210e-03 
 1.60080000e+11  2.96464707e-03  1.12102995e-03 
 1.60160000e+11  2.96725939e-03  1.12070367e-03 
 1.60240000e+11  2.97025983e-03  1.12036406e-03 
 1.60320000e+11  2.97364243e-03  1.12001190e-03 
 1.60400000e+11  2.97740072e-03  1.11964805e-03 
 1.60480000e+11  2.98152770e-03  1.11927335e-03 
 1.60560000e+11  2.98601588e-03  1.11888869e-03 
 1.60640000e+11  2.99085730e-03  1.11849494e-03 
 1.60720000e+11  2.99604353e-03  1.11809301e-03 
 1.60800000e+11  3.00156574e-03  1.11768380e-03 
 1.60880000e+11  3.00741467e-03  1.11726820e-03 
 1.60960000e+11  3.01358069e-03  1.11684712e-03 
 1.61040000e+11  3.02005382e-03  1.11642144e-03 
 1.61120000e+11  3.02682374e-03  1.11599206e-03 
 1.61200000e+11  3.03387983e-03  1.11555985e-03 
 1.61280000e+11  3.04121117e-03  1.11512564e-03 
 1.61360000e+11  3.04880662e-03  1.11469030e-03 
 1.61440000e+11  3.05665478e-03  1.11425462e-03 
 1.61520000e+11  3.06474407e-03  1.11381942e-03 
 1.61600000e+11  3.07306271e-03  1.11338544e-03 
 1.61680000e+11  3.08159879e-03  1.11295345e-03 
 1.61760000e+11  3.09034024e-03  1.11252415e-03 
 1.61840000e+11  3.09927492e-03  1.11209823e-03 
 1.61920000e+11  3.10839059e-03  1.11167636e-03 
 1.62000000e+11  3.11767494e-03  1.11125917e-03 
 1.62080000e+11  3.12711565e-03  1.11084725e-03 
 1.62160000e+11  3.13670037e-03  1.11044117e-03 
 1.62240000e+11  3.14641677e-03  1.11004147e-03 
 1.62320000e+11  3.15625254e-03  1.10964866e-03 
 1.62400000e+11  3.16619542e-03  1.10926322e-03 
 1.62480000e+11  3.17623322e-03  1.10888560e-03 
 1.62560000e+11  3.18635384e-03  1.10851622e-03 
 1.62640000e+11  3.19654527e-03  1.10815546e-03 
 1.62720000e+11  3.20679566e-03  1.10780370e-03 
 1.62800000e+11  3.21709325e-03  1.10746127e-03 
 1.62880000e+11  3.22742648e-03  1.10712847e-03 
 1.62960000e+11  3.23778395e-03  1.10680560e-03 
 1.63040000e+11  3.24815442e-03  1.10649292e-03 
 1.63120000e+11  3.25852690e-03  1.10619066e-03 
 1.63200000e+11  3.26889056e-03  1.10589903e-03 
 1.63280000e+11  3.27923486e-03  1.10561825e-03 
 1.63360000e+11  3.28954945e-03  1.10534847e-03 
 1.63440000e+11  3.29982426e-03  1.10508986e-03 
 1.63520000e+11  3.31004948e-03  1.10484254e-03 
 1.63600000e+11  3.32021559e-03  1.10460665e-03 
 1.63680000e+11  3.33031334e-03  1.10438229e-03 
 1.63760000e+11  3.34033379e-03  1.10416954e-03 
 1.63840000e+11  3.35026831e-03  1.10396848e-03 
 1.63920000e+11  3.36010859e-03  1.10377917e-03 
 1.64000000e+11  3.36984666e-03  1.10360166e-03 
 1.64080000e+11  3.37947487e-03  1.10343599e-03 
 1.64160000e+11  3.38898595e-03  1.10328217e-03 
 1.64240000e+11  3.39837296e-03  1.10314024e-03 
 1.64320000e+11  3.40762934e-03  1.10301019e-03 
 1.64400000e+11  3.41674892e-03  1.10289203e-03 
 1.64480000e+11  3.42572589e-03  1.10278573e-03 
 1.64560000e+11  3.43455487e-03  1.10269128e-03 
 1.64640000e+11  3.44323085e-03  1.10260866e-03 
 1.64720000e+11  3.45174925e-03  1.10253783e-03 
 1.64800000e+11  3.46010591e-03  1.10247874e-03 
 1.64880000e+11  3.46829710e-03  1.10243136e-03 
 1.64960000e+11  3.47631953e-03  1.10239564e-03 
 1.65040000e+11  3.48417035e-03  1.10237150e-03 
 1.65120000e+11  3.49184717e-03  1.10235889e-03 
 1.65200000e+11  3.49934807e-03  1.10235774e-03 
 1.65280000e+11  3.50667160e-03  1.10236797e-03 
 1.65360000e+11  3.51381678e-03  1.10238950e-03 
 1.65440000e+11  3.52078313e-03  1.10242225e-03 
 1.65520000e+11  3.52757069e-03  1.10246611e-03 
 1.65600000e+11  3.53417997e-03  1.10252100e-03 
 1.65680000e+11  3.54061203e-03  1.10258682e-03 
 1.65760000e+11  3.54686843e-03  1.10266344e-03 
 1.65840000e+11  3.55295130e-03  1.10275075e-03 
 1.65920000e+11  3.55886328e-03  1.10284863e-03 
 1.66000000e+11  3.56460759e-03  1.10295695e-03 
 1.66080000e+11  3.57018799e-03  1.10307557e-03 
 1.66160000e+11  3.57560883e-03  1.10320435e-03 
 1.66240000e+11  3.58087505e-03  1.10334312e-03 
 1.66320000e+11  3.58599215e-03  1.10349172e-03 
 1.66400000e+11  3.59096626e-03  1.10364998e-03 
 1.66480000e+11  3.59580410e-03  1.10381772e-03 
 1.66560000e+11  3.60051301e-03  1.10399473e-03 
 1.66640000e+11  3.60510097e-03  1.10418081e-03 
 1.66720000e+11  3.60957658e-03  1.10437574e-03 
 1.66800000e+11  3.61394908e-03  1.10457929e-03 
 1.66880000e+11  3.61822838e-03  1.10479120e-03 
 1.66960000e+11  3.62242503e-03  1.10501121e-03 
 1.67040000e+11  3.62655025e-03  1.10523904e-03 
 1.67120000e+11  3.63061592e-03  1.10547440e-03 
 1.67200000e+11  3.63463462e-03  1.10571697e-03 
 1.67280000e+11  3.63861959e-03  1.10596642e-03 
 1.67360000e+11  3.64258477e-03  1.10622239e-03 
 1.67440000e+11  3.64654478e-03  1.10648452e-03 
 1.67520000e+11  3.65051493e-03  1.10675241e-03 
 1.67600000e+11  3.65451124e-03  1.10702565e-03 
 1.67680000e+11  3.65855041e-03  1.10730379e-03 
 1.67760000e+11  3.66264984e-03  1.10758638e-03 
 1.67840000e+11  3.66682762e-03  1.10787293e-03 
 1.67920000e+11  3.67110252e-03  1.10816293e-03 
 1.68000000e+11  3.67549401e-03  1.10845586e-03 
 1.68080000e+11  3.68002222e-03  1.10875114e-03 
 1.68160000e+11  3.68470796e-03  1.10904821e-03 
 1.68240000e+11  3.68957269e-03  1.10934645e-03 
 1.68320000e+11  3.69463852e-03  1.10964523e-03 
 1.68400000e+11  3.69992819e-03  1.10994389e-03 
 1.68480000e+11  3.70546504e-03  1.11024176e-03 
 1.68560000e+11  3.71127304e-03  1.11053813e-03 
 1.68640000e+11  3.71737670e-03  1.11083229e-03 
 1.68720000e+11  3.72380109e-03  1.11112349e-03 
 1.68800000e+11  3.73057183e-03  1.11141097e-03 
 1.68880000e+11  3.73771500e-03  1.11169396e-03 
 1.68960000e+11  3.74525717e-03  1.11197166e-03 
 1.69040000e+11  3.75322532e-03  1.11224328e-03 
 1.69120000e+11  3.76164684e-03  1.11250801e-03 
 1.69200000e+11  3.77054949e-03  1.11276503e-03 
 1.69280000e+11  3.77996131e-03  1.11301353e-03 
 1.69360000e+11  3.78991063e-03  1.11325270e-03 
 1.69440000e+11  3.80042600e-03  1.11348173e-03 
 1.69520000e+11  3.81153615e-03  1.11369981e-03 
 1.69600000e+11  3.82326992e-03  1.11390618e-03 
 1.69680000e+11  3.83565625e-03  1.11410007e-03 
 1.69760000e+11  3.84872407e-03  1.11428073e-03 
 1.69840000e+11  3.86250227e-03  1.11444747e-03 
 1.69920000e+11  3.87701966e-03  1.11459959e-03 
 1.70000000e+11  3.89230488e-03  1.11473647e-03 
 1.70080000e+11  3.90838638e-03  1.11485751e-03 
 1.70160000e+11  3.92529230e-03  1.11496215e-03 
 1.70240000e+11  3.94305046e-03  1.11504991e-03 
 1.70320000e+11  3.96168831e-03  1.11512034e-03 
 1.70400000e+11  3.98123282e-03  1.11517305e-03 
 1.70480000e+11  4.00171045e-03  1.11520774e-03 
 1.70560000e+11  4.02314710e-03  1.11522414e-03 
 1.70640000e+11  4.04556806e-03  1.11522207e-03 
 1.70720000e+11  4.06899792e-03  1.11520142e-03 
 1.70800000e+11  4.09346056e-03  1.11516214e-03 
 1.70880000e+11  4.11897908e-03  1.11510426e-03 
 1.70960000e+11  4.14557575e-03  1.11502788e-03 
 1.71040000e+11  4.17327201e-03  1.11493317e-03 
 1.71120000e+11  4.20208838e-03  1.11482038e-03 
 1.71200000e+11  4.23204443e-03  1.11468982e-03 
 1.71280000e+11  4.26315878e-03  1.11454186e-03 
 1.71360000e+11  4.29544908e-03  1.11437695e-03 
 1.71440000e+11  4.32893193e-03  1.11419560e-03 
 1.71520000e+11  4.36362291e-03  1.11399837e-03 
 1.71600000e+11  4.39953655e-03  1.11378586e-03 
 1.71680000e+11  4.43668635e-03  1.11355874e-03 
 1.71760000e+11  4.47508470e-03  1.11331773e-03 
 1.71840000e+11  4.51474297e-03  1.11306355e-03 
 1.71920000e+11  4.55567144e-03  1.11279700e-03 
 1.72000000e+11  4.59787935e-03  1.11251887e-03 
 1.72080000e+11  4.64137488e-03  1.11223000e-03 
 1.72160000e+11  4.68616520e-03  1.11193123e-03 
 1.72240000e+11  4.73225644e-03  1.11162341e-03 
 1.72320000e+11  4.77965375e-03  1.11130742e-03 
 1.72400000e+11  4.82836131e-03  1.11098413e-03 
 1.72480000e+11  4.87838234e-03  1.11065438e-03 
 1.72560000e+11  4.92971915e-03  1.11031905e-03 
 1.72640000e+11  4.98237316e-03  1.10997898e-03 
 1.72720000e+11  5.03634491e-03  1.10963500e-03 
 1.72800000e+11  5.09163414e-03  1.10928792e-03 
 1.72880000e+11  5.14823979e-03  1.10893854e-03 
 1.72960000e+11  5.20616001e-03  1.10858762e-03 
 1.73040000e+11  5.26539226e-03  1.10823590e-03 
 1.73120000e+11  5.32593330e-03  1.10788410e-03 
 1.73200000e+11  5.38777923e-03  1.10753289e-03 
 1.73280000e+11  5.45092555e-03  1.10718292e-03 
 1.73360000e+11  5.51536715e-03  1.10683482e-03 
 1.73440000e+11  5.58109840e-03  1.10648916e-03 
 1.73520000e+11  5.64811315e-03  1.10614649e-03 
 1.73600000e+11  5.71640475e-03  1.10580733e-03 
 1.73680000e+11  5.78596614e-03  1.10547215e-03 
 1.73760000e+11  5.85678983e-03  1.10514141e-03 
 1.73840000e+11  5.92886795e-03  1.10481551e-03 
 1.73920000e+11  6.00219229e-03  1.10449484e-03 
 1.74000000e+11  6.07675430e-03  1.10417973e-03 
 1.74080000e+11  6.15254516e-03  1.10387052e-03 
 1.74160000e+11  6.22955577e-03  1.10356747e-03 
 1.74240000e+11  6.30777680e-03  1.10327085e-03 
 1.74320000e+11  6.38719870e-03  1.10298089e-03 
 1.74400000e+11  6.46781174e-03  1.10269778e-03 
 1.74480000e+11  6.54960602e-03  1.10242170e-03 
 1.74560000e+11  6.63257148e-03  1.10215281e-03 
 1.74640000e+11  6.71669795e-03  1.10189122e-03 
 1.74720000e+11  6.80197516e-03  1.10163705e-03 
 1.74800000e+11  6.88839271e-03  1.10139038e-03 
 1.74880000e+11  6.97594019e-03  1.10115127e-03 
 1.74960000e+11  7.06460708e-03  1.10091977e-03 
 1.75040000e+11  7.15438284e-03  1.10069592e-03 
 1.75120000e+11  7.24525690e-03  1.10047973e-03 
 1.75200000e+11  7.33721869e-03  1.10027119e-03 
 1.75280000e+11  7.43025762e-03  1.10007030e-03 
 1.75360000e+11  7.52436310e-03  1.09987702e-03 
 1.75440000e+11  7.61952457e-03  1.09969133e-03 
 1.75520000e+11  7.71573152e-03  1.09951318e-03 
 1.75600000e+11  7.81297343e-03  1.09934250e-03 
 1.75680000e+11  7.91123987e-03  1.09917924e-03 
 1.75760000e+11  8.01052044e-03  1.09902331e-03 
 1.75840000e+11  8.11080479e-03  1.09887465e-03 
 1.75920000e+11  8.21208267e-03  1.09873316e-03 
 1.76000000e+11  8.31434386e-03  1.09859875e-03 
 1.76080000e+11  8.41757826e-03  1.09847132e-03 
 1.76160000e+11  8.52177581e-03  1.09835077e-03 
 1.76240000e+11  8.62692657e-03  1.09823701e-03 
 1.76320000e+11  8.73302068e-03  1.09812990e-03 
 1.76400000e+11  8.84004836e-03  1.09802936e-03 
 1.76480000e+11  8.94799994e-03  1.09793525e-03 
 1.76560000e+11  9.05686587e-03  1.09784748e-03 
 1.76640000e+11  9.16663666e-03  1.09776590e-03 
 1.76720000e+11  9.27730296e-03  1.09769042e-03 
 1.76800000e+11  9.38885551e-03  1.09762091e-03 
 1.76880000e+11  9.50128517e-03  1.09755724e-03 
 1.76960000e+11  9.61458291e-03  1.09749930e-03 
 1.77040000e+11  9.72873981e-03  1.09744697e-03 
 1.77120000e+11  9.84374707e-03  1.09740012e-03 
 1.77200000e+11  9.95959599e-03  1.09735863e-03 
 1.77280000e+11  1.00762780e-02  1.09732238e-03 
 1.77360000e+11  1.01937847e-02  1.09729125e-03 
 1.77440000e+11  1.03121076e-02  1.09726512e-03 
 1.77520000e+11  1.04312387e-02  1.09724388e-03 
 1.77600000e+11  1.05511697e-02  1.09722739e-03 
 1.77680000e+11  1.06718928e-02  1.09721556e-03 
 1.77760000e+11  1.07934000e-02  1.09720825e-03 
 1.77840000e+11  1.09156836e-02  1.09720536e-03 
 1.77920000e+11  1.10387360e-02  1.09720676e-03 
 1.78000000e+11  1.11625498e-02  1.09721236e-03 
 1.78080000e+11  1.12871175e-02  1.09722203e-03 
 1.78160000e+11  1.14124319e-02  1.09723567e-03 
 1.78240000e+11  1.15384858e-02  1.09725317e-03 
 1.78320000e+11  1.16652723e-02  1.09727442e-03 
 1.78400000e+11  1.17927845e-02  1.09729931e-03 
 1.78480000e+11  1.19210157e-02  1.09732774e-03 
 1.78560000e+11  1.20499590e-02  1.09735961e-03 
 1.78640000e+11  1.21796082e-02  1.09739481e-03 
 1.78720000e+11  1.23099567e-02  1.09743324e-03 
 1.78800000e+11  1.24409983e-02  1.09747481e-03 
 1.78880000e+11  1.25727268e-02  1.09751941e-03 
 1.78960000e+11  1.27051363e-02  1.09756696e-03 
 1.79040000e+11  1.28382207e-02  1.09761735e-03 
 1.79120000e+11  1.29719743e-02  1.09767048e-03 
 1.79200000e+11  1.31063915e-02  1.09772628e-03 
 1.79280000e+11  1.32414667e-02  1.09778464e-03 
 1.79360000e+11  1.33771944e-02  1.09784547e-03 
 1.79440000e+11  1.35135694e-02  1.09790870e-03 
 1.79520000e+11  1.36505864e-02  1.09797422e-03 
 1.79600000e+11  1.37882405e-02  1.09804195e-03 
 1.79680000e+11  1.39265266e-02  1.09811181e-03 
 1.79760000e+11  1.40654400e-02  1.09818371e-03 
 1.79840000e+11  1.42049760e-02  1.09825756e-03 
 1.79920000e+11  1.43451298e-02  1.09833330e-03 
 1.80000000e+11  1.44858972e-02  1.09841082e-03 
 1.80080000e+11  1.46272738e-02  1.09849007e-03 
 1.80160000e+11  1.47692553e-02  1.09857094e-03 
 1.80240000e+11  1.49118376e-02  1.09865337e-03 
 1.80320000e+11  1.50550167e-02  1.09873728e-03 
 1.80400000e+11  1.51987889e-02  1.09882260e-03 
 1.80480000e+11  1.53431503e-02  1.09890924e-03 
 1.80560000e+11  1.54880974e-02  1.09899713e-03 
 1.80640000e+11  1.56336266e-02  1.09908619e-03 
 1.80720000e+11  1.57797345e-02  1.09917636e-03 
 1.80800000e+11  1.59264179e-02  1.09926756e-03 
 1.80880000e+11  1.60736737e-02  1.09935973e-03 
 1.80960000e+11  1.62214988e-02  1.09945278e-03 
 1.81040000e+11  1.63698903e-02  1.09954664e-03 
 1.81120000e+11  1.65188456e-02  1.09964126e-03 
 1.81200000e+11  1.66683618e-02  1.09973656e-03 
 1.81280000e+11  1.68184365e-02  1.09983246e-03 
 1.81360000e+11  1.69690672e-02  1.09992891e-03 
 1.81440000e+11  1.71202517e-02  1.10002584e-03 
 1.81520000e+11  1.72719879e-02  1.10012318e-03 
 1.81600000e+11  1.74242735e-02  1.10022086e-03 
 1.81680000e+11  1.75771068e-02  1.10031882e-03 
 1.81760000e+11  1.77304860e-02  1.10041700e-03 
 1.81840000e+11  1.78844093e-02  1.10051532e-03 
 1.81920000e+11  1.80388752e-02  1.10061374e-03 
 1.82000000e+11  1.81938822e-02  1.10071217e-03 
 1.82080000e+11  1.83494291e-02  1.10081057e-03 
 1.82160000e+11  1.85055147e-02  1.10090887e-03 
 1.82240000e+11  1.86621379e-02  1.10100701e-03 
 1.82320000e+11  1.88192979e-02  1.10110492e-03 
 1.82400000e+11  1.89769937e-02  1.10120256e-03 
 1.82480000e+11  1.91352247e-02  1.10129985e-03 
 1.82560000e+11  1.92939905e-02  1.10139673e-03 
 1.82640000e+11  1.94532904e-02  1.10149316e-03 
 1.82720000e+11  1.96131243e-02  1.10158907e-03 
 1.82800000e+11  1.97734921e-02  1.10168440e-03 
 1.82880000e+11  1.99343936e-02  1.10177910e-03 
 1.82960000e+11  2.00958289e-02  1.10187311e-03 
 1.83040000e+11  2.02577984e-02  1.10196637e-03 
 1.83120000e+11  2.04203023e-02  1.10205882e-03 
 1.83200000e+11  2.05833411e-02  1.10215042e-03 
 1.83280000e+11  2.07469156e-02  1.10224111e-03 
 1.83360000e+11  2.09110264e-02  1.10233083e-03 
 1.83440000e+11  2.10756744e-02  1.10241953e-03 
 1.83520000e+11  2.12408607e-02  1.10250715e-03 
 1.83600000e+11  2.14065865e-02  1.10259365e-03 
 1.83680000e+11  2.15728531e-02  1.10267897e-03 
 1.83760000e+11  2.17396619e-02  1.10276306e-03 
 1.83840000e+11  2.19070145e-02  1.10284587e-03 
 1.83920000e+11  2.20749127e-02  1.10292735e-03 
 1.84000000e+11  2.22433583e-02  1.10300744e-03 
 1.84080000e+11  2.24123534e-02  1.10308611e-03 
 1.84160000e+11  2.25819001e-02  1.10316329e-03 
 1.84240000e+11  2.27520007e-02  1.10323895e-03 
 1.84320000e+11  2.29226578e-02  1.10331303e-03 
 1.84400000e+11  2.30938738e-02  1.10338549e-03 
 1.84480000e+11  2.32656517e-02  1.10345628e-03 
 1.84560000e+11  2.34379942e-02  1.10352535e-03 
 1.84640000e+11  2.36109045e-02  1.10359267e-03 
 1.84720000e+11  2.37843858e-02  1.10365818e-03 
 1.84800000e+11  2.39584414e-02  1.10372185e-03 
 1.84880000e+11  2.41330749e-02  1.10378362e-03 
 1.84960000e+11  2.43082900e-02  1.10384347e-03 
 1.85040000e+11  2.44840906e-02  1.10390133e-03 
 1.85120000e+11  2.46604806e-02  1.10395719e-03 
 1.85200000e+11  2.48374642e-02  1.10401099e-03 
 1.85280000e+11  2.50150459e-02  1.10406269e-03 
 1.85360000e+11  2.51932300e-02  1.10411226e-03 
 1.85440000e+11  2.53720213e-02  1.10415966e-03 
 1.85520000e+11  2.55514246e-02  1.10420485e-03 
 1.85600000e+11  2.57314450e-02  1.10424780e-03 
 1.85680000e+11  2.59120876e-02  1.10428846e-03 
 1.85760000e+11  2.60933579e-02  1.10432682e-03 
 1.85840000e+11  2.62752613e-02  1.10436282e-03 
 1.85920000e+11  2.64578036e-02  1.10439644e-03 
 1.86000000e+11  2.66409908e-02  1.10442765e-03 
 1.86080000e+11  2.68248288e-02  1.10445641e-03 
 1.86160000e+11  2.70093240e-02  1.10448270e-03 
 1.86240000e+11  2.71944828e-02  1.10450649e-03 
 1.86320000e+11  2.73803120e-02  1.10452774e-03 
 1.86400000e+11  2.75668182e-02  1.10454643e-03 
 1.86480000e+11  2.77540087e-02  1.10456253e-03 
 1.86560000e+11  2.79418905e-02  1.10457602e-03 
 1.86640000e+11  2.81304712e-02  1.10458687e-03 
 1.86720000e+11  2.83197583e-02  1.10459506e-03 
 1.86800000e+11  2.85097597e-02  1.10460056e-03 
 1.86880000e+11  2.87004833e-02  1.10460335e-03 
 1.86960000e+11  2.88919375e-02  1.10460342e-03 
 1.87040000e+11  2.90841306e-02  1.10460074e-03 
 1.87120000e+11  2.92770712e-02  1.10459529e-03 
 1.87200000e+11  2.94707683e-02  1.10458705e-03 
 1.87280000e+11  2.96652309e-02  1.10457602e-03 
 1.87360000e+11  2.98604683e-02  1.10456216e-03 
 1.87440000e+11  3.00564898e-02  1.10454547e-03 
 1.87520000e+11  3.02533053e-02  1.10452593e-03 
 1.87600000e+11  3.04509246e-02  1.10450353e-03 
 1.87680000e+11  3.06493580e-02  1.10447825e-03 
 1.87760000e+11  3.08486156e-02  1.10445009e-03 
 1.87840000e+11  3.10487082e-02  1.10441904e-03 
 1.87920000e+11  3.12496465e-02  1.10438509e-03 
 1.88000000e+11  3.14514415e-02  1.10434822e-03 
 1.88080000e+11  3.16541045e-02  1.10430844e-03 
 1.88160000e+11  3.18576469e-02  1.10426573e-03 
 1.88240000e+11  3.20620806e-02  1.10422009e-03 
 1.88320000e+11  3.22674173e-02  1.10417152e-03 
 1.88400000e+11  3.24736693e-02  1.10412001e-03 
 1.88480000e+11  3.26808489e-02  1.10406557e-03 
 1.88560000e+11  3.28889688e-02  1.10400819e-03 
 1.88640000e+11  3.30980419e-02  1.10394787e-03 
 1.88720000e+11  3.33080812e-02  1.10388461e-03 
 1.88800000e+11  3.35191000e-02  1.10381842e-03 
 1.88880000e+11  3.37311120e-02  1.10374930e-03 
 1.88960000e+11  3.39441308e-02  1.10367725e-03 
 1.89040000e+11  3.41581706e-02  1.10360228e-03 
 1.89120000e+11  3.43732455e-02  1.10352439e-03 
 1.89200000e+11  3.45893701e-02  1.10344359e-03 
 1.89280000e+11  3.48065590e-02  1.10335989e-03 
 1.89360000e+11  3.50248272e-02  1.10327330e-03 
 1.89440000e+11  3.52441898e-02  1.10318383e-03 
 1.89520000e+11  3.54646623e-02  1.10309148e-03 
 1.89600000e+11  3.56862603e-02  1.10299628e-03 
 1.89680000e+11  3.59089995e-02  1.10289822e-03 
 1.89760000e+11  3.61328961e-02  1.10279733e-03 
 1.89840000e+11  3.63579663e-02  1.10269363e-03 
 1.89920000e+11  3.65842266e-02  1.10258711e-03 
 1.90000000e+11  3.68116936e-02  1.10247781e-03 
 1.90080000e+11  3.70403844e-02  1.10236574e-03 
 1.90160000e+11  3.72703158e-02  1.10225091e-03 
 1.90240000e+11  3.75015053e-02  1.10213335e-03 
 1.90320000e+11  3.77339703e-02  1.10201306e-03 
 1.90400000e+11  3.79677285e-02  1.10189008e-03 
 1.90480000e+11  3.82027976e-02  1.10176443e-03 
 1.90560000e+11  3.84391956e-02  1.10163612e-03 
 1.90640000e+11  3.86769408e-02  1.10150517e-03 
 1.90720000e+11  3.89160514e-02  1.10137162e-03 
 1.90800000e+11  3.91565458e-02  1.10123547e-03 
 1.90880000e+11  3.93984427e-02  1.10109677e-03 
 1.90960000e+11  3.96417606e-02  1.10095552e-03 
 1.91040000e+11  3.98865185e-02  1.10081176e-03 
 1.91120000e+11  4.01327351e-02  1.10066551e-03 
 1.91200000e+11  4.03804295e-02  1.10051680e-03 
 1.91280000e+11  4.06296206e-02  1.10036566e-03 
 1.91360000e+11  4.08803277e-02  1.10021211e-03 
 1.91440000e+11  4.11325697e-02  1.10005618e-03 
 1.91520000e+11  4.13863657e-02  1.09989790e-03 
 1.91600000e+11  4.16417350e-02  1.09973730e-03 
 1.91680000e+11  4.18986966e-02  1.09957441e-03 
 1.91760000e+11  4.21572696e-02  1.09940925e-03 
 1.91840000e+11  4.24174728e-02  1.09924186e-03 
 1.91920000e+11  4.26793253e-02  1.09907227e-03 
 1.92000000e+11  4.29428456e-02  1.09890051e-03 
 1.92080000e+11  4.32080524e-02  1.09872661e-03 
 1.92160000e+11  4.34749641e-02  1.09855060e-03 
 1.92240000e+11  4.37435988e-02  1.09837252e-03 
 1.92320000e+11  4.40139745e-02  1.09819239e-03 
 1.92400000e+11  4.42861088e-02  1.09801025e-03 
 1.92480000e+11  4.45600190e-02  1.09782614e-03 
 1.92560000e+11  4.48357219e-02  1.09764007e-03 
 1.92640000e+11  4.51132342e-02  1.09745210e-03 
 1.92720000e+11  4.53925717e-02  1.09726225e-03 
 1.92800000e+11  4.56737500e-02  1.09707055e-03 
 1.92880000e+11  4.59567841e-02  1.09687704e-03 
 1.92960000e+11  4.62416882e-02  1.09668175e-03 
 1.93040000e+11  4.65284760e-02  1.09648472e-03 
 1.93120000e+11  4.68171603e-02  1.09628598e-03 
 1.93200000e+11  4.71077532e-02  1.09608557e-03 
 1.93280000e+11  4.74002658e-02  1.09588351e-03 
 1.93360000e+11  4.76947084e-02  1.09567985e-03 
 1.93440000e+11  4.79910900e-02  1.09547461e-03 
 1.93520000e+11  4.82894188e-02  1.09526784e-03 
 1.93600000e+11  4.85897014e-02  1.09505956e-03 
 1.93680000e+11  4.88919435e-02  1.09484981e-03 
 1.93760000e+11  4.91961490e-02  1.09463863e-03 
 1.93840000e+11  4.95023206e-02  1.09442604e-03 
 1.93920000e+11  4.98104592e-02  1.09421209e-03 
 1.94000000e+11  5.01205640e-02  1.09399681e-03 
 1.94080000e+11  5.04326325e-02  1.09378022e-03 
 1.94160000e+11  5.07466599e-02  1.09356237e-03 
 1.94240000e+11  5.10626396e-02  1.09334329e-03 
 1.94320000e+11  5.13805625e-02  1.09312301e-03 
 1.94400000e+11  5.17004172e-02  1.09290157e-03 
 1.94480000e+11  5.20221898e-02  1.09267899e-03 
 1.94560000e+11  5.23458637e-02  1.09245532e-03 
 1.94640000e+11  5.26714191e-02  1.09223058e-03 
 1.94720000e+11  5.29988335e-02  1.09200481e-03 
 1.94800000e+11  5.33280810e-02  1.09177804e-03 
 1.94880000e+11  5.36591323e-02  1.09155030e-03 
 1.94960000e+11  5.39919543e-02  1.09132163e-03 
 1.95040000e+11  5.43265101e-02  1.09109205e-03 
 1.95120000e+11  5.46627589e-02  1.09086160e-03 
 1.95200000e+11  5.50006554e-02  1.09063031e-03 
 1.95280000e+11  5.53401498e-02  1.09039820e-03 
 1.95360000e+11  5.56811875e-02  1.09016532e-03 
 1.95440000e+11  5.60237089e-02  1.08993170e-03 
 1.95520000e+11  5.63676489e-02  1.08969735e-03 
 1.95600000e+11  5.67129372e-02  1.08946231e-03 
 1.95680000e+11  5.70594972e-02  1.08922662e-03 
 1.95760000e+11  5.74072463e-02  1.08899030e-03 
 1.95840000e+11  5.77560957e-02  1.08875338e-03 
 1.95920000e+11  5.81059494e-02  1.08851588e-03 
 1.96000000e+11  5.84567045e-02  1.08827784e-03 
 1.96080000e+11  5.88082509e-02  1.08803929e-03 
 1.96160000e+11  5.91604705e-02  1.08780025e-03 
 1.96240000e+11  5.95132373e-02  1.08756075e-03 
 1.96320000e+11  5.98664167e-02  1.08732082e-03 
 1.96400000e+11  6.02198657e-02  1.08708048e-03 
 1.96480000e+11  6.05734320e-02  1.08683976e-03 
 1.96560000e+11  6.09269539e-02  1.08659869e-03 
 1.96640000e+11  6.12802600e-02  1.08635729e-03 
 1.96720000e+11  6.16331688e-02  1.08611559e-03 
 1.96800000e+11  6.19854884e-02  1.08587361e-03 
 1.96880000e+11  6.23370161e-02  1.08563138e-03 
 1.96960000e+11  6.26875382e-02  1.08538891e-03 
 1.97040000e+11  6.30368297e-02  1.08514625e-03 
 1.97120000e+11  6.33846537e-02  1.08490340e-03 
 1.97200000e+11  6.37307616e-02  1.08466039e-03 
 1.97280000e+11  6.40748927e-02  1.08441724e-03 
 1.97360000e+11  6.44167738e-02  1.08417399e-03 
 1.97440000e+11  6.47561192e-02  1.08393064e-03 
 1.97520000e+11  6.50926303e-02  1.08368722e-03 
 1.97600000e+11  6.54259960e-02  1.08344375e-03 
 1.97680000e+11  6.57558919e-02  1.08320026e-03 
 1.97760000e+11  6.60819810e-02  1.08295676e-03 
 1.97840000e+11  6.64039132e-02  1.08271327e-03 
 1.97920000e+11  6.67213255e-02  1.08246982e-03 
 1.98000000e+11  6.70338424e-02  1.08222642e-03 
 1.98080000e+11  6.73410759e-02  1.08198309e-03 
 1.98160000e+11  6.76426257e-02  1.08173985e-03 
 1.98240000e+11  6.79380798e-02  1.08149672e-03 
 1.98320000e+11  6.82270147e-02  1.08125372e-03 
 1.98400000e+11  6.85089963e-02  1.08101087e-03 
 1.98480000e+11  6.87835801e-02  1.08076817e-03 
 1.98560000e+11  6.90503124e-02  1.08052566e-03 
 1.98640000e+11  6.93087305e-02  1.08028334e-03 
 1.98720000e+11  6.95583644e-02  1.08004124e-03 
 1.98800000e+11  6.97987372e-02  1.07979936e-03 
 1.98880000e+11  7.00293666e-02  1.07955773e-03 
 1.98960000e+11  7.02497662e-02  1.07931636e-03 
 1.99040000e+11  7.04594466e-02  1.07907527e-03 
 1.99120000e+11  7.06579170e-02  1.07883446e-03 
 1.99200000e+11  7.08446869e-02  1.07859396e-03 
 1.99280000e+11  7.10192676e-02  1.07835377e-03 
 1.99360000e+11  7.11811743e-02  1.07811392e-03 
 1.99440000e+11  7.13299274e-02  1.07787442e-03 
 1.99520000e+11  7.14650550e-02  1.07763527e-03 
 1.99600000e+11  7.15860948e-02  1.07739650e-03 
 1.99680000e+11  7.16925958e-02  1.07715811e-03 
 1.99760000e+11  7.17841209e-02  1.07692012e-03 
 1.99840000e+11  7.18602487e-02  1.07668253e-03 
 1.99920000e+11  7.19205761e-02  1.07644537e-03 
 2.00000000e+11  7.19647198e-02  1.07620864e-03 
